0	blank: 58	863529741724813596915746823547168239136952478289437615491675382358294167672381954	860000701004003090005040000007100200000900008200000600090670002000004060000080000
1	blank: 56	425178936637459812891623457569734281342581679718962345254397168973816524186245793	020100006000050800001003050069700000000000070018902000200000000970806520006040000
2	blank: 55	319248576845367129267951834986573412721694358534182967492735681158426793673819245	310040000000060000200950000900070002020004050004000060000005001008006093003019045
3	blank: 60	687315429329647518541982367816239754734856192952174836278561943163498275495723681	000300020000607000001900300000000004000000100052004030070560000060098000400000001
4	blank: 58	289635147136784529475192368593816274764259813812347695651473982348921756927568431	209600000030004000005000008000000204060050010000000600600070082340021000007500000
5	blank: 55	753961824694278513128543796946782351382156479571394268837629145219435687465817932	700900024000200510008000000040000050302150009001004000000000000200400607460807900
6	blank: 55	938145267412376589765982134196528473523794618847631952359467821271859346684213795	930000000410006009005000130090508073500004600007000000000000800000000006684013700
7	blank: 57	834926751279135648561748392487259163153687429926314875712493586695871234348562917	030020700000100000560000002407200100050080000000310000700090580000000030040560010
8	blank: 57	463215897758693124129847536842169753536782419917354682281436975675921348394578261	400010890008000000109007006000000700530082000010050002000406000000901300094000000
9	blank: 54	657431289813259746249867135521946378736528491498173562372685914164792853985314627	057000200810009006009800000520040300006020000008000560070005004104002803000300000
10	blank: 57	729138465463527189815964372597486231182375694346219857631792548274853916958641723	000000000000520000815004002000000000000375600340000800630000040200000916058000700
11	blank: 58	597326841284751963163849527816495732352678419749132658631587294428963175975214386	007020801004000000060000020010490002000608000700000000030000200008903000005010086
12	blank: 55	243859176698127543517346829854671392372594618961283457125738964789465231436912785	003000000690020000507006000000070090300000008061200400020008960080460001000012700
13	blank: 55	154728963637914528289635174926153847375846291841297635712389456568472319493561782	000008963030900000000605100006050047070006000801000000700009000508002309003000080
14	blank: 57	236149857871235964594687132942563781713498526658712493425876319189324675367951248	000049000070030900004007100900003700000000526008000000420000000009000670300050048
15	blank: 55	926517483741382956538649172854136729213975648679824315367251894495768231182493567	006007083700300900008000100050006000200900000070000000060200004095008201102400007
16	blank: 58	347952168189637524562841793874563219951274836236189475425796381613428957798315642	040000108180030520500000700000000200050000030006009000000006000010400007090305040
17	blank: 54	184732956679145238532986417946321875328597641751864329895273164267418593413659782	000002050000105000002086017900301805020090001750000300890000000007008000400000780
18	blank: 56	958376142241598673376124589637981254419752836825643917764215398192837465583469721	900006100240000070006000009037000204010000800020040007000015000000030460500009020
19	blank: 54	258139674176485239439276815867394521512768493394521786643812957785943162921657348	200009000070005039400206005007000500000008003304020080000800900005900060001007308
20	blank: 58	285376941613594278497218356839462517126735489754981623372859164941627835568143792	000070001003000008007210000000000000000005089004001003300050104900020000560003090
21	blank: 58	468793521152846739973125846296537418517984362834612975785361294321459687649278153	400000020150040000003000806000030008510000000000002070080001200000009607040070050
22	blank: 56	352187964167394528489652731836519247974236815521478693293745186645821379718963452	002087004160000000000600700000500047004000810520000600090045080600020300000060000
23	blank: 59	217369584894275163563814729478153692126987435359426871745692318682531947931748256	000060004000200100063000029008003000020000430009000000740000300600500000000008250
24	blank: 58	486751329153962487792843651261589743549327816378614295935478162817296534624135978	406700000003060080700040000001500003009020010000004005000008060007000504020000900
25	blank: 56	519248763267351948843769125978415236652873419431926587185692374324587691796134852	509000700200051048003000020900000206000000010430920000000602000020087000000100800
26	blank: 57	685931724273584169194627358827396415341875692569142837458213976912768543736459281	005900004273500000004020008800006010000070002500040000400010900900000503000000200
27	blank: 56	916875432852134769374926518245387196739461285168592374527618943691243857483759621	010870430050100009300000000040007100009001280060590000000600040000003800003050000
28	blank: 55	423158697517926843869374521256431978384795162791862354638547219175289436942613785	400100000007020800800070021006000900000700060000802004600000010105009430042010000
29	blank: 55	962735148784291536351648279623574981879316452145829763518967324437182695296453817	960035000704000500001600000000070001009010050000000703000007300400082090000453800
30	blank: 56	631792548849153726527684391768439215954821637312567984473215869196378452285946173	000090500849000000007080301700400005050001600310000004400005000100078002000000070
31	blank: 55	215369478386174259947528163534786912628491735791235846873612594469857321152943687	000000008306000200940000003000780002000001700001200806070602500000807300150900000
32	blank: 56	134826957967315482528794631691572348873941265245683179352168794716459823489237516	000006057000000080000004600091002000070901005005000079350000004000009003089207000
33	blank: 59	742831695356749821189652734627385149935164287418297563564978312273416958891523476	000030605000009000180050000000300000900100080400090500004008010200016900000000070
34	blank: 57	251639847986714325743528916869147532172953468534286179417865293628391754395472681	001009000000004000700000016060040500002000060030080009010005200028300054090000001
35	blank: 56	681723945392548176475196832169874253523619487847235691734961528256487319918352764	080020005000500006000100030160074200500000000047000000030061000000407009010300704
36	blank: 57	923618745864759312175324869347296581596187423218543697481935276739862154652471938	920010700004050000000300060040006001000007020008000090001930006700000054050000900
37	blank: 55	785693241491527368632148579158364792327859614964712853216985437879436125543271986	780000040000000060030100500008360700000009010960002003016985007809000000000070000
38	blank: 58	934851726827396451651247839493618275186572943572439618715984362249163587368725194	030800006000000400001200009400600070006002000070000018705004300040003080060000000
39	blank: 56	263895741597142368481376529748539612352614987916728435835267194629451873174983256	000005000500040368001070029000000000300600000910008030000007100600050003070980200
40	blank: 58	379184562215796483846523791468317925731952648592468317123645879954871236687239154	000100000210706400006000790000000000730950000002000000020040000900001036607000050
41	blank: 55	726931584854267391391845267645312978279584613138796452517429836982673145463158729	000000504000260390090000000605312070070500000000090450000009006002003140003008000
42	blank: 56	716932548342185679589647312821594736935876421674321895193758264257469183468213957	000000000340000670009600300020090006000070001674000800003750200000009000008203050
43	blank: 57	461875239278396451539214786957428163682153947314769825143687592825931674796542318	000005230270000000009010000900020000000100047304060005000007000005031074006000008
44	blank: 57	348759612927618534516423789675932148832164975194587263759846321463291857281375496	000050000907010004016020080070900108002060070000000000050800320003090000080300000
45	blank: 57	842391756951762348376548129529683417183427695764915832437256981615839274298174563	040001706000002040006508009500080000003000690004000802000000000010000200290100003
46	blank: 57	358192764267843519914756832495238671736514298821967345543689127682471953179325486	